116	45612
119	1815
120	4005
127	41242
128	41063
137	17024
143	8109
144	3944
146	19336
147	40880
150	17947
151	60092
152	15661
153	34336
157	10752
160	19634
161	36971
164	18887
167	34484
168	52215
173	33279
174	23608
195	27897
2000	14721
2001	1467
2002	15214
2003	23822
2004	22024
2005	843
2006	32894
2008	21491
2009	13610
2010	22778
2012	21060
2017	11906
2021	25438
2022	16461
2023	12750
212	33057
216	5459
217	13106
218	3920
223	29627
224	17567
225	21399
228	21674
229	40917
232	8193
233	15947
236	39263
237	39065
238	21157
239	8216
241	6833
242	5531
243	6683
244	7357
245	3330
247	22529
248	7617
249	12625
250	44081
251	38552
252	24349
253	989
254	12105
257	22545
258	7775
259	17011
260	10086
261	8807
262	6377
263	27674
264	19392
265	26442
266	8795
267	24560
268	26087
270	9828
271	16182
274	7925
275	4077
276	16349
278	4456
279	10637
280	29195
281	42058
282	4921
284	55650
285	65852
289	2195
290	21763
291	13185
293	86692
294	37288
295	18306
296	19385
297	29743
298	3691
300	30161
3002	45461
301	27309
302	12250
303	24990
304	22922
305	33254
306	23684
307	30332
308	15256
309	18576
310	15101
311	18993
312	34637
313	7134
314	9062
315	21048
316	20018
317	26373
318	56264
319	18624
320	14456
321	5968
322	6336
323	13521
324	12403
325	28236
326	31408
327	53028
328	23011
329	31745
330	18880
331	10520
332	12352
334	34972
335	28057
336	31332
337	12213
339	5052
340	12891
341	12366
342	12474
343	4427
344	4550
345	45847
346	26691
347	47995
348	34624
349	15325
350	18730
351	16110
352	28147
353	5438
354	5132
355	24267
356	12410
357	24295
358	55320
359	29563
360	17031
361	31166
362	22971
363	29342
364	4549
365	5787
366	13420
367	17012
368	52596
369	23205
372	2883
373	4936
375	41561
376	17809
377	20582
379	53178
380	42952
382	60072
383	28529
384	7825
385	14393
386	19714
387	42485
388	28788
389	6939
390	6683
391	12046
392	11440
393	15943
394	26059
395	9561
396	5234
397	4184
398	9953
399	4432
400	6758
401	34018
402	60932
403	26716
404	37282
405	32874
406	12090
407	6399
408	9844
409	3548
410	31539
411	12169
412	20096
414	9339
415	18285
416	8219
417	36504
418	5537
419	2988
420	5292
421	4137
422	22385
423	13939
426	63221
427	15945
428	33940
430	16787
431	1975
432	35633
433	33827
434	27647
435	73448
436	3691
437	2790
438	27898
439	31359
440	20444
441	14969
442	39632
443	2304
444	58590
445	41006
446	45252
447	29839
448	29436
449	16300
450	33575
453	35740
454	13281
455	19237
456	14987
457	41576
458	30793
459	39644
460	7591
461	36533
462	46677
463	33972
464	16066
465	43369
466	36867
467	11396
468	25443
469	21942
470	27642
471	6570
472	43561
473	20759
474	33800
475	26953
476	34601
477	51922
478	27141
479	35266
480	21487
481	7193
482	35120
483	37538
484	23798
485	24359
486	32879
487	24989
488	42503
489	29677
490	58711
491	32234
492	42631
493	30450
494	37331
495	22440
496	38808
497	80166
498	38305
499	56115
500	26226
501	24600
502	21476
503	25845
504	49487
505	39610
507	30684
508	22067
509	41360
510	26845
511	30908
512	25182
513	17437
514	37894
515	30771
516	11847
517	32444
518	38635
519	92137
520	17939
521	100498
522	19074
523	49223
524	4794
525	16087
526	28387
527	18363
528	49981
529	29570
530	21841
531	30521
532	19405
533	22805
534	12682
536	33802
537	39459
538	12046
539	17176
540	41648
545	34105
546	33585
72	24667
79	19944
82	9771
83	9777
