116	46381
119	1858
120	4908
127	58719
128	43468
137	21412
143	10116
144	4958
146	22611
147	45764
150	20002
151	70374
152	19142
153	27722
157	12171
160	20451
161	42370
164	23685
167	33916
168	52812
173	38216
174	28997
195	27570
2000	15654
2001	1628
2002	19220
2003	25715
2004	25645
2005	612
2006	57091
2008	29600
2009	14206
2010	27105
2012	25972
2017	13737
2021	33251
2022	16122
2023	15987
212	26310
216	6256
217	19412
218	4355
223	34319
224	19309
225	30654
228	23466
229	32318
232	8878
233	5882
236	43164
237	42528
238	24037
239	9694
241	7847
242	6646
243	7202
244	7375
245	4309
247	23931
248	9155
249	15779
250	60945
251	38699
252	30680
253	27015
254	20819
255	15
257	26696
258	9039
259	20655
260	11805
261	10735
262	7152
263	31308
264	18909
265	29233
266	10213
267	21921
268	30061
270	11627
271	6424
274	8236
275	5438
276	18375
278	5337
279	26452
280	29975
281	52030
282	8964
284	67950
285	73682
289	2808
290	21146
291	11637
293	95890
294	27864
295	20924
296	21563
297	41145
298	4683
300	31209
3002	49301
301	35948
3014	315
3016	1039
302	14556
303	26314
304	28172
3041	712
3042	1207
3043	682
3044	536
3046	772
3047	1235
3048	855
3049	1224
305	36061
3050	1382
3052	1633
3053	523
3054	1204
3055	921
3056	872
3057	1013
3058	1100
3059	522
306	21415
3060	1254
3061	557
3062	1214
3063	670
3064	2182
3065	864
3066	988
3067	1299
3068	1410
3069	1150
307	34814
3070	864
3071	1471
3072	1077
3073	1545
3074	3291
3075	955
3076	1658
3077	2169
3078	808
3079	2563
308	16639
3080	1066
3081	1983
3082	1901
3083	2299
3084	1989
3085	1962
3086	5182
3087	4096
3088	2187
3089	364
309	20713
3090	9222
3091	1731
3092	5500
3093	9098
3094	1861
3095	1326
3096	850
3097	3035
3098	2008
3099	544
310	15726
3101	4091
3102	3346
3103	3945
3104	10609
3105	1047
3106	3865
3107	6229
3108	5168
3109	2709
311	21843
3110	3877
3111	2891
3112	5330
3113	4171
3114	1198
3115	3734
3116	1408
3117	2684
3118	3049
3119	6437
312	38761
3120	1980
3121	1788
3122	855
3123	871
3124	5189
3125	2447
3126	3333
3127	1120
3128	575
3129	5725
313	9210
3130	351
3132	6912
3133	2678
3134	7649
3135	7522
3136	6996
3137	8173
3138	274
3139	6978
314	13632
3140	10905
3141	18191
3142	10687
3143	8615
3144	4288
3145	9848
3146	4184
3147	9006
3148	5340
3149	3107
315	24323
3150	6735
3151	1904
3153	427
3154	2063
3155	3501
3156	11371
3157	1796
3158	11043
3159	10143
316	20665
3160	6971
3161	3900
3162	3671
3163	7621
3164	11493
3165	11795
3166	4840
3167	8138
3168	8870
3169	6652
317	27481
3170	9248
3171	3715
3172	5996
3173	4375
3175	9253
3176	6452
3177	10182
3178	5280
3179	519
318	40861
3180	3327
3181	2380
3182	2158
319	8460
320	19910
321	10481
322	9558
3221	631
3222	6755
3223	8680
3224	12734
3226	3781
3229	522
323	13516
3230	16467
3231	6424
3232	1022
3233	7734
3234	6860
3235	5806
3236	4437
3237	257
3238	473
324	12931
3241	13
3242	15
325	25924
326	34834
327	65630
328	27671
329	36330
330	20263
331	11578
332	13422
334	41512
335	37202
336	35617
337	14166
339	6672
340	14384
341	13359
342	14482
343	5027
344	5510
345	40766
346	31008
347	35826
348	42106
349	12986
350	19842
351	17724
352	34467
353	5829
354	6431
355	26164
356	22273
357	23989
358	60689
359	41483
360	18796
361	32610
362	22011
363	35132
364	5737
365	7002
366	13776
367	19170
368	65614
369	24461
372	2893
373	4898
375	46300
376	17480
377	22811
379	56775
380	46551
382	59341
383	34237
384	5099
385	19397
386	22059
387	56688
388	34026
389	9747
390	7518
391	15905
392	13141
393	17853
394	24496
395	8002
396	6265
397	6829
398	10939
399	5810
400	7481
401	39153
402	67497
403	30612
404	25199
405	48417
406	10503
407	3780
408	11952
409	4028
410	35854
411	14670
412	23816
414	10166
415	20999
416	7904
417	52681
418	5955
419	4603
420	6187
421	4691
422	20109
423	17908
426	79061
427	20696
428	36244
430	18502
431	2283
432	50335
433	36304
434	34089
435	87149
436	2955
437	6437
438	33542
439	35818
440	24623
441	20788
442	48639
443	2721
444	60968
445	47014
446	53083
447	36228
448	33443
449	25128
450	29509
453	43206
454	15766
455	24622
456	19264
457	46566
458	44986
459	62800
460	10560
461	43001
462	51292
463	44824
464	9156
465	39405
466	41850
467	12791
468	36269
469	23449
470	36134
471	11152
472	48955
473	21510
474	40371
475	33659
476	36180
477	64620
478	34893
479	40561
480	25537
481	9298
482	40585
483	44597
484	34996
485	28469
486	40819
487	31951
488	44034
489	39468
490	64878
491	38834
492	45575
493	23952
494	46488
495	29676
496	45945
497	86108
498	39169
499	63291
500	32548
501	30839
502	18300
503	42243
504	51911
505	48066
507	43400
508	23190
509	47922
510	32126
511	49620
512	29730
513	23573
514	51660
515	37835
516	13381
517	50675
518	47852
519	104813
520	27223
521	100796
522	22755
523	53143
524	24346
525	21803
526	36644
527	44759
528	36449
529	60495
530	31794
531	35288
532	26643
533	28630
534	14558
536	38597
537	59505
538	12372
539	17872
540	18138
545	41103
546	41841
72	27639
79	22808
82	9883
83	11140
